/* 
 * File: ./lib_gpad/gpad_data.h
 * Automatically Created on: 4 July, 2013
 * using GPADToolbox
 * Author: Pantelis Sopasakis <pantelis.sopasakis@imtlucca.it>
 * Institute: IMT Lucca, Lucca Italy
 *    __  __      __  
 *   / _ |__) /\ |  \ 
 *   \__)|   /--\|__/ 
 *
 */


#ifndef GPAD_DATA_H
#define GPAD_DATA_H

/* MAT_CLASS_DENSE: A Matrix is dense */
#define MAT_CLASS_DENSE 0
/* MAT_CLASS_aI: A Matrix has the form alpha*I, where I is the identity matrix */
#define MAT_CLASS_aI 1
/* MAT_CLASS_DENSE: A Matrix is diagonal */
#define MAT_CLASS_DIAGONAL 2
/* MAT_CLASS_DENSE: A Matrix has some other sparsity pattern */
#define MAT_CLASS_SPARSE 3

/* CLASS_Q: The class/type of the matrix Q */
#define CLASS_Q MAT_CLASS_aI
/* CLASS_Q: The class/type of the matrix R */
#define CLASS_R MAT_CLASS_aI

#ifdef FALSE
#undef FALSE
#endif
#define FALSE 0
#ifdef TRUE
#undef TRUE
#endif
#define TRUE 1
#define IS_EMPTY_CMIN FALSE
#define IS_EMPTY_CMAX FALSE
#define IS_EMPTY_XMIN FALSE
#define IS_EMPTY_XMAX FALSE
#define IS_EMPTY_UMIN FALSE
#define IS_EMPTY_UMAX FALSE
#define IS_EMPTY_qN TRUE


/* Typedefs */
#if !(defined (__GNUG__) && defined (size_t))
#define gpad_size_type unsigned short
#else
#define gpad_size_type size_t
#endif

typedef gpad_size_type us_t;
typedef const us_t cus_t;
typedef double real_t;
typedef const real_t creal_t;

/* Functions */
void calculate_e(void);
void zvadd(cus_t n, creal_t alpha, creal_t *x, real_t *y);
void zmvmult(creal_t a[], creal_t x[], creal_t alpha, creal_t b[], cus_t nRows, cus_t nCols, real_t y[]);
void zmvmult_trans(creal_t a[], creal_t x[], creal_t alpha, creal_t b[], cus_t nRows, cus_t nCols, real_t y[]);
void zlowslv(creal_t low_triang[], real_t x[], cus_t n);
void zlowtrslv(creal_t low_triang[], real_t x[], cus_t n);
real_t zvdmquad(creal_t x[], cus_t nx, creal_t q[]);
real_t zvnrmsq(creal_t x[], cus_t n, creal_t alpha);
real_t zcdot(creal_t x[], creal_t y[], cus_t nx, creal_t alpha);
real_t zsym_quad(creal_t x[], creal_t s[], cus_t n);
real_t zquad(creal_t x[], creal_t q[], creal_t y[], cus_t nx, cus_t ny, creal_t alpha);
real_t square_root(creal_t x, creal_t epsilon, cus_t max_iter);

/* Sizes */
cus_t NX_ = 30;
cus_t NU_ = 14;
cus_t NC_ = 88;
cus_t NF_ = 60;
cus_t NP_ = 176;
cus_t NX_NX_ = 900;
cus_t NX_NU_ = 420;
cus_t N_ = 10;
cus_t NP_N_ = 1760;
cus_t NP_Np1_ = 330;
cus_t NX_N_ = 300;
cus_t NX_Np1_ = 301;
cus_t NU_N_ = 140;

/* Data - Scalars */
creal_t ALPHA_ = 0.25;
creal_t EPSILON_V_ = 1e-05;
creal_t EPSILON_g_ = 0.0001;
creal_t MAX_ITER_ = 250;

/* Pre-Allocated Memory */
real_t gTHETA = 1.0, gTHETA_P = 1.0, gTHETA2 = 0.0, gBETA = 0.0;
real_t gY[1760]={0};
real_t gY_PREV[1760];
real_t gE[330];
real_t gFXGU[88]={0};
real_t gW[1760]={0};
real_t gWN[60]={0};
real_t gYN[60]={0};
real_t gYN_PREV[60]={0};
real_t gSLACK[1760]={0};
real_t gSLACK_N[60]={0};
real_t gSLACK_BAR[1760]={0};
real_t gSLACK_N_BAR[60]={0};
real_t gPR_FEAS[176];
real_t gXstar[330];
real_t gUstar[140];


/* Data - Matrices */
real_t X0_[30]={1.0004, 1.40059, 1.21643, 0.726822, 1.13512, 0.625571, 1.45768, 1.48196, 1.29622, 0.583326, 0.682113, 0.370031, 1.17663, 1.32426, 1.37057, 0.837427, 0.898302, 0.223315, 1.34957, 0.67559, 0.308509, 1.34948, 1.14388, 1.32373, 0.427425, 1.00984, 0.99642, 0.184222, 0.610978, 0.41293};
creal_t Q_ = 1;
creal_t R_ = 1;
creal_t QN_[900]={3.53328, 0.398447, 0.177042, 0.10757, 0.0587125, 0.0317086, 0.0176395, 0.0101218, 0.00607435, 0.00398453, 0.00310403, 0.00306506, 0.00366957, 0.00479678, 0.00575519, 0.428679, 0.0925372, 0.0229691, -0.0288716, -0.0622704, -0.0771732, -0.0814872, -0.0800314, -0.0751956, -0.0682121, -0.0597171, -0.0500194, -0.0392345, -0.0273088, -0.0140128, 0.398447, 3.66069, 0.512742, 0.285576, 0.207281, 0.147144, 0.108122, 0.082642, 0.0647878, 0.0514097, 0.040683, 0.031436, 0.0228158, 0.0140497, 0.00479678, 0.310847, 0.786676, 0.459927, 0.36992, 0.286658, 0.218754, 0.170336, 0.135125, 0.108494, 0.0876302, 0.0706499, 0.0561666, 0.0430182, 0.030027, 0.0158106, 0.177042, 0.512742, 3.72485, 0.567969, 0.342148, 0.263126, 0.199192, 0.154481, 0.122448, 0.0976973, 0.0771695, 0.0588503, 0.0412091, 0.0228158, 0.00366957, 0.347613, 0.61246, 1.05684, 0.716115, 0.610878, 0.507873, 0.417748, 0.346556, 0.289012, 0.240736, 0.19868, 0.160415, 0.123743, 0.0862762, 0.0450561, 0.10757, 0.285576, 0.567969, 3.7591, 0.598404, 0.372752, 0.293322, 0.227366, 0.179173, 0.142534, 
		0.112212, 0.085075, 0.0588503, 0.031436, 0.00306506, 0.324153, 0.594304, 0.807325, 1.2302, 0.877544, 0.760833, 0.644687, 0.539905, 0.453117, 0.379375, 0.314263, 0.254323, 0.196367, 0.136856, 0.0713596, 0.0587125, 0.207281, 0.342148, 0.598404, 3.7795, 0.615942, 0.389629, 0.309338, 0.241431, 0.189974, 0.14869, 0.112212, 0.0771695, 0.040683, 0.00310403, 0.282076, 0.533644, 0.747117, 0.931842, 1.3404, 0.978164, 0.85246, 0.726413, 0.610505, 0.511344, 0.423836, 0.343124, 0.264946, 0.184602, 0.0962035, 0.0317086, 0.147144, 0.263126, 0.372752, 0.615942, 3.79126, 0.62552, 0.398088, 0.316276, 0.245691, 0.189974, 0.142534, 0.0976973, 0.0514097, 0.00398453, 0.241983, 0.460985, 0.658468, 0.841123, 1.00892, 1.40721, 1.03719, 0.903892, 0.769403, 0.643675, 0.532861, 0.431221, 0.332924, 0.231948, 0.120871, 0.0176395, 0.108122, 0.199192, 0.293322, 0.389629, 0.62552, 3.7973, 0.62974, 0.400655, 0.316276, 0.241431, 0.179173, 0.122448, 0.0647878, 0.00607435, 0.206264, 0.394278, 0.564647, 0.731882, 0.896274, 
		1.05265, 1.44296, 1.0661, 0.925724, 0.782969, 0.646956, 0.522848, 0.403612, 0.281278, 0.14664, 0.0101218, 0.082642, 0.154481, 0.227366, 0.309338, 0.398088, 0.62974, 3.79916, 0.62974, 0.398088, 0.309338, 0.227366, 0.154481, 0.082642, 0.0101218, 0.17474, 0.334785, 0.479981, 0.622106, 0.770913, 0.923037, 1.07079, 1.45421, 1.07079, 0.923037, 0.770913, 0.622106, 0.479981, 0.334785, 0.17474, 0.00607435, 0.0647878, 0.122448, 0.179173, 0.241431, 0.316276, 0.400655, 0.62974, 3.7973, 0.62552, 0.389629, 0.293322, 0.199192, 0.108122, 0.0176395, 0.14664, 0.281278, 0.403612, 0.522848, 0.646956, 0.782969, 0.925724, 1.0661, 1.44296, 1.05265, 0.896274, 0.731882, 0.564647, 0.394278, 0.206264, 0.00398453, 0.0514097, 0.0976973, 0.142534, 0.189974, 0.245691, 0.316276, 0.398088, 0.62552, 3.79126, 0.615942, 0.372752, 0.263126, 0.147144, 0.0317086, 0.120871, 0.231948, 0.332924, 0.431221, 0.532861, 0.643675, 0.769403, 0.903892, 1.03719, 1.40721, 1.00892, 0.841123, 0.658468, 0.460985, 0.241983, 
		0.00310403, 0.040683, 0.0771695, 0.112212, 0.14869, 0.189974, 0.241431, 0.309338, 0.389629, 0.615942, 3.7795, 0.598404, 0.342148, 0.207281, 0.0587125, 0.0962035, 0.184602, 0.264946, 0.343124, 0.423836, 0.511344, 0.610505, 0.726413, 0.85246, 0.978164, 1.3404, 0.931842, 0.747117, 0.533644, 0.282076, 0.00306506, 0.031436, 0.0588503, 0.085075, 0.112212, 0.142534, 0.179173, 0.227366, 0.293322, 0.372752, 0.598404, 3.7591, 0.567969, 0.285576, 0.10757, 0.0713596, 0.136856, 0.196367, 0.254323, 0.314263, 0.379375, 0.453117, 0.539905, 0.644687, 0.760833, 0.877544, 1.2302, 0.807325, 0.594304, 0.324153, 0.00366957, 0.0228158, 0.0412091, 0.0588503, 0.0771695, 0.0976973, 0.122448, 0.154481, 0.199192, 0.263126, 0.342148, 0.567969, 3.72485, 0.512742, 0.177042, 0.0450561, 0.0862762, 0.123743, 0.160415, 0.19868, 0.240736, 0.289012, 0.346556, 0.417748, 0.507873, 0.610878, 0.716115, 1.05684, 0.61246, 0.347613, 0.00479678, 0.0140497, 0.0228158, 0.031436, 0.040683, 0.0514097, 0.0647878, 0.082642, 0.108122, 0.147144, 
		0.207281, 0.285576, 0.512742, 3.66069, 0.398447, 0.0158106, 0.030027, 0.0430182, 0.0561666, 0.0706499, 0.0876302, 0.108494, 0.135125, 0.170336, 0.218754, 0.286658, 0.36992, 0.459927, 0.786676, 0.310847, 0.00575519, 0.00479678, 0.00366957, 0.00306506, 0.00310403, 0.00398453, 0.00607435, 0.0101218, 0.0176395, 0.0317086, 0.0587125, 0.10757, 0.177042, 0.398447, 3.53328, -0.0140128, -0.0273088, -0.0392345, -0.0500194, -0.0597171, -0.0682121, -0.0751956, -0.0800314, -0.0814872, -0.0771732, -0.0622704, -0.0288716, 0.0229691, 0.0925372, 0.428679, 0.428679, 0.310847, 0.347613, 0.324153, 0.282076, 0.241983, 0.206264, 0.17474, 0.14664, 0.120871, 0.0962035, 0.0713596, 0.0450561, 0.0158106, -0.0140128, 2.00104, 1.31453, 1.30902, 1.19965, 1.0752, 0.956316, 0.846227, 0.744644, 0.650116, 0.560782, 0.474623, 0.389441, 0.30269, 0.210939, 0.109347, 0.0925372, 0.786676, 0.61246, 0.594304, 0.533644, 0.460985, 0.394278, 0.334785, 0.281278, 0.231948, 0.184602, 0.136856, 0.0862762, 0.030027, -0.0273088, 1.31453, 3.25139, 2.41036, 2.27855, 2.06115, 
		1.83883, 1.62975, 1.43539, 1.25375, 1.08172, 0.915634, 0.751339, 0.583972, 0.406945, 0.210939, 0.0229691, 0.459927, 1.05684, 0.807325, 0.747117, 0.658468, 0.564647, 0.479981, 0.403612, 0.332924, 0.264946, 0.196367, 0.123743, 0.0430182, -0.0392345, 1.30902, 2.41036, 4.13566, 3.1589, 2.92896, 2.63046, 2.33585, 2.0591, 1.79924, 1.55255, 1.31416, 1.0783, 0.838052, 0.583972, 0.30269, -0.0288716, 0.36992, 0.716115, 1.2302, 0.931842, 0.841123, 0.731882, 0.622106, 0.522848, 0.431221, 0.343124, 0.254323, 0.160415, 0.0561666, -0.0500194, 1.19965, 2.27855, 3.1589, 4.7425, 3.66882, 3.36431, 3.00243, 2.64944, 2.31582, 1.99835, 1.69133, 1.38759, 1.0783, 0.751339, 0.389441, -0.0622704, 0.286658, 0.610878, 0.877544, 1.3404, 1.00892, 0.896274, 0.770913, 0.646956, 0.532861, 0.423836, 0.314263, 0.19868, 0.0706499, -0.0597171, 1.0752, 2.06115, 2.92896, 3.66882, 5.15558, 4.00916, 3.64484, 3.22908, 2.82381, 2.43664, 2.06195, 1.69133, 1.31416, 0.915634, 0.474623, 
		-0.0771732, 0.218754, 0.507873, 0.760833, 0.978164, 1.40721, 1.05265, 0.923037, 0.782969, 0.643675, 0.511344, 0.379375, 0.240736, 0.0876302, -0.0682121, 0.956316, 1.83883, 2.63046, 3.36431, 4.00916, 5.42399, 4.21897, 3.80261, 3.3367, 2.87982, 2.43664, 1.99835, 1.55255, 1.08172, 0.560782, -0.0814872, 0.170336, 0.417748, 0.644687, 0.85246, 1.03719, 1.44296, 1.07079, 0.925724, 0.769403, 0.610505, 0.453117, 0.289012, 0.108494, -0.0751956, 0.846227, 1.62975, 2.33585, 3.00243, 3.64484, 4.21897, 5.57576, 4.31933, 3.8536, 3.3367, 2.82381, 2.31582, 1.79924, 1.25375, 0.650116, -0.0800314, 0.135125, 0.346556, 0.539905, 0.726413, 0.903892, 1.0661, 1.45421, 1.0661, 0.903892, 0.726413, 0.539905, 0.346556, 0.135125, -0.0800314, 0.744644, 1.43539, 2.0591, 2.64944, 3.22908, 3.80261, 4.31933, 5.62496, 4.31933, 3.80261, 3.22908, 2.64944, 2.0591, 1.43539, 0.744644, -0.0751956, 0.108494, 0.289012, 0.453117, 0.610505, 0.769403, 0.925724, 1.07079, 1.44296, 1.03719, 
		0.85246, 0.644687, 0.417748, 0.170336, -0.0814872, 0.650116, 1.25375, 1.79924, 2.31582, 2.82381, 3.3367, 3.8536, 4.31933, 5.57576, 4.21897, 3.64484, 3.00243, 2.33585, 1.62975, 0.846227, -0.0682121, 0.0876302, 0.240736, 0.379375, 0.511344, 0.643675, 0.782969, 0.923037, 1.05265, 1.40721, 0.978164, 0.760833, 0.507873, 0.218754, -0.0771732, 0.560782, 1.08172, 1.55255, 1.99835, 2.43664, 2.87982, 3.3367, 3.80261, 4.21897, 5.42399, 4.00916, 3.36431, 2.63046, 1.83883, 0.956316, -0.0597171, 0.0706499, 0.19868, 0.314263, 0.423836, 0.532861, 0.646956, 0.770913, 0.896274, 1.00892, 1.3404, 0.877544, 0.610878, 0.286658, -0.0622704, 0.474623, 0.915634, 1.31416, 1.69133, 2.06195, 2.43664, 2.82381, 3.22908, 3.64484, 4.00916, 5.15558, 3.66882, 2.92896, 2.06115, 1.0752, -0.0500194, 0.0561666, 0.160415, 0.254323, 0.343124, 0.431221, 0.522848, 0.622106, 0.731882, 0.841123, 0.931842, 1.2302, 0.716115, 0.36992, -0.0288716, 0.389441, 0.751339, 1.0783, 1.38759, 1.69133, 
		1.99835, 2.31582, 2.64944, 3.00243, 3.36431, 3.66882, 4.7425, 3.1589, 2.27855, 1.19965, -0.0392345, 0.0430182, 0.123743, 0.196367, 0.264946, 0.332924, 0.403612, 0.479981, 0.564647, 0.658468, 0.747117, 0.807325, 1.05684, 0.459927, 0.0229691, 0.30269, 0.583972, 0.838052, 1.0783, 1.31416, 1.55255, 1.79924, 2.0591, 2.33585, 2.63046, 2.92896, 3.1589, 4.13566, 2.41036, 1.30902, -0.0273088, 0.030027, 0.0862762, 0.136856, 0.184602, 0.231948, 0.281278, 0.334785, 0.394278, 0.460985, 0.533644, 0.594304, 0.61246, 0.786676, 0.0925372, 0.210939, 0.406945, 0.583972, 0.751339, 0.915634, 1.08172, 1.25375, 1.43539, 1.62975, 1.83883, 2.06115, 2.27855, 2.41036, 3.25139, 1.31453, -0.0140128, 0.0158106, 0.0450561, 0.0713596, 0.0962035, 0.120871, 0.14664, 0.17474, 0.206264, 0.241983, 0.282076, 0.324153, 0.347613, 0.310847, 0.428679, 0.109347, 0.210939, 0.30269, 0.389441, 0.474623, 0.560782, 0.650116, 0.744644, 0.846227, 0.956316, 1.0752, 1.19965, 1.30902, 1.31453, 2.00104
		};
creal_t A_[900]={0.682616, 0.116342, 0.0232623, 0.00324183, 0.000348815, 3.06507e-05, 2.27939e-06, 1.47058e-07, 8.38258e-09, 4.28129e-10, 1.98113e-11, 8.38155e-13, 3.26641e-14, 1.18006e-15, 3.96982e-17, -0.961401, 0.263701, 0.108748, 0.0224104, 0.00316476, 0.000342959, 3.02665e-05, 2.2572e-06, 1.45912e-07, 8.32905e-09, 4.25846e-10, 1.97218e-11, 8.34901e-13, 3.2554e-14, 1.17532e-15, 0.116342, 0.705878, 0.119584, 0.0236111, 0.00327248, 0.000351095, 3.07978e-05, 2.28778e-06, 1.47487e-07, 8.40239e-09, 4.28967e-10, 1.9844e-11, 8.39335e-13, 3.27038e-14, 1.18006e-15, 0.263701, -0.852653, 0.286111, 0.111913, 0.0227534, 0.00319503, 0.000345216, 3.04124e-05, 2.26553e-06, 1.46338e-07, 8.34877e-09, 4.26681e-10, 1.97543e-11, 8.36077e-13, 3.2554e-14, 0.0232623, 0.119584, 0.706227, 0.119615, 0.0236134, 0.00327262, 0.000351103, 3.07982e-05, 2.2878e-06, 1.47487e-07, 8.40242e-09, 4.28968e-10, 1.9844e-11, 8.39335e-13, 3.26641e-14, 0.108748, 0.286111, -0.849488, 0.286454, 0.111943, 0.0227557, 0.00319517, 0.000345224, 3.04129e-05, 2.26555e-06, 1.46339e-07, 8.3488e-09, 4.26682e-10, 1.97543e-11, 8.34901e-13, 0.00324183, 0.0236111, 0.119615, 0.706229, 0.119615, 0.0236134, 0.00327262, 0.000351103, 3.07982e-05, 2.2878e-06, 
		1.47487e-07, 8.40242e-09, 4.28968e-10, 1.9844e-11, 8.38155e-13, 0.0224104, 0.111913, 0.286454, -0.849458, 0.286457, 0.111943, 0.0227557, 0.00319517, 0.000345224, 3.04129e-05, 2.26555e-06, 1.46339e-07, 8.3488e-09, 4.26681e-10, 1.97218e-11, 0.000348815, 0.00327248, 0.0236134, 0.119615, 0.706229, 0.119615, 0.0236134, 0.00327262, 0.000351103, 3.07982e-05, 2.2878e-06, 1.47487e-07, 8.40242e-09, 4.28967e-10, 1.98113e-11, 0.00316476, 0.0227534, 0.111943, 0.286457, -0.849458, 0.286457, 0.111943, 0.0227557, 0.00319517, 0.000345224, 3.04129e-05, 2.26555e-06, 1.46339e-07, 8.34877e-09, 4.25846e-10, 3.06507e-05, 0.000351095, 0.00327262, 0.0236134, 0.119615, 0.706229, 0.119615, 0.0236134, 0.00327262, 0.000351103, 3.07982e-05, 2.2878e-06, 1.47487e-07, 8.40239e-09, 4.28129e-10, 0.000342959, 0.00319503, 0.0227557, 0.111943, 0.286457, -0.849458, 0.286457, 0.111943, 0.0227557, 0.00319517, 0.000345224, 3.04129e-05, 2.26555e-06, 1.46338e-07, 8.32905e-09, 2.27939e-06, 3.07978e-05, 0.000351103, 0.00327262, 0.0236134, 0.119615, 0.706229, 0.119615, 0.0236134, 0.00327262, 0.000351103, 3.07982e-05, 2.2878e-06, 1.47487e-07, 8.38258e-09, 3.02665e-05, 0.000345216, 0.00319517, 0.0227557, 0.111943, 
		0.286457, -0.849458, 0.286457, 0.111943, 0.0227557, 0.00319517, 0.000345224, 3.04129e-05, 2.26553e-06, 1.45912e-07, 1.47058e-07, 2.28778e-06, 3.07982e-05, 0.000351103, 0.00327262, 0.0236134, 0.119615, 0.706229, 0.119615, 0.0236134, 0.00327262, 0.000351103, 3.07982e-05, 2.28778e-06, 1.47058e-07, 2.2572e-06, 3.04124e-05, 0.000345224, 0.00319517, 0.0227557, 0.111943, 0.286457, -0.849458, 0.286457, 0.111943, 0.0227557, 0.00319517, 0.000345224, 3.04124e-05, 2.2572e-06, 8.38258e-09, 1.47487e-07, 2.2878e-06, 3.07982e-05, 0.000351103, 0.00327262, 0.0236134, 0.119615, 0.706229, 0.119615, 0.0236134, 0.00327262, 0.000351103, 3.07978e-05, 2.27939e-06, 1.45912e-07, 2.26553e-06, 3.04129e-05, 0.000345224, 0.00319517, 0.0227557, 0.111943, 0.286457, -0.849458, 0.286457, 0.111943, 0.0227557, 0.00319517, 0.000345216, 3.02665e-05, 4.28129e-10, 8.40239e-09, 1.47487e-07, 2.2878e-06, 3.07982e-05, 0.000351103, 0.00327262, 0.0236134, 0.119615, 0.706229, 0.119615, 0.0236134, 0.00327262, 0.000351095, 3.06507e-05, 8.32905e-09, 1.46338e-07, 2.26555e-06, 3.04129e-05, 0.000345224, 0.00319517, 0.0227557, 0.111943, 0.286457, -0.849458, 0.286457, 0.111943, 0.0227557, 0.00319503, 0.000342959, 
		1.98113e-11, 4.28967e-10, 8.40242e-09, 1.47487e-07, 2.2878e-06, 3.07982e-05, 0.000351103, 0.00327262, 0.0236134, 0.119615, 0.706229, 0.119615, 0.0236134, 0.00327248, 0.000348815, 4.25846e-10, 8.34877e-09, 1.46339e-07, 2.26555e-06, 3.04129e-05, 0.000345224, 0.00319517, 0.0227557, 0.111943, 0.286457, -0.849458, 0.286457, 0.111943, 0.0227534, 0.00316476, 8.38155e-13, 1.9844e-11, 4.28968e-10, 8.40242e-09, 1.47487e-07, 2.2878e-06, 3.07982e-05, 0.000351103, 0.00327262, 0.0236134, 0.119615, 0.706229, 0.119615, 0.0236111, 0.00324183, 1.97218e-11, 4.26681e-10, 8.3488e-09, 1.46339e-07, 2.26555e-06, 3.04129e-05, 0.000345224, 0.00319517, 0.0227557, 0.111943, 0.286457, -0.849458, 0.286454, 0.111913, 0.0224104, 3.26641e-14, 8.39335e-13, 1.9844e-11, 4.28968e-10, 8.40242e-09, 1.47487e-07, 2.2878e-06, 3.07982e-05, 0.000351103, 0.00327262, 0.0236134, 0.119615, 0.706227, 0.119584, 0.0232623, 8.34901e-13, 1.97543e-11, 4.26682e-10, 8.3488e-09, 1.46339e-07, 2.26555e-06, 3.04129e-05, 0.000345224, 0.00319517, 0.0227557, 0.111943, 0.286454, -0.849488, 0.286111, 0.108748, 1.18006e-15, 3.27038e-14, 8.39335e-13, 1.9844e-11, 4.28967e-10, 8.40239e-09, 1.47487e-07, 2.28778e-06, 3.07978e-05, 0.000351095, 
		0.00327248, 0.0236111, 0.119584, 0.705878, 0.116342, 3.2554e-14, 8.36077e-13, 1.97543e-11, 4.26681e-10, 8.34877e-09, 1.46338e-07, 2.26553e-06, 3.04124e-05, 0.000345216, 0.00319503, 0.0227534, 0.111913, 0.286111, -0.852653, 0.263701, 3.96964e-17, 1.18006e-15, 3.26641e-14, 8.38155e-13, 1.98113e-11, 4.28129e-10, 8.38258e-09, 1.47058e-07, 2.27939e-06, 3.06507e-05, 0.000348815, 0.00324183, 0.0232623, 0.116342, 0.682616, 1.17532e-15, 3.2554e-14, 8.34901e-13, 1.97218e-11, 4.25846e-10, 8.32905e-09, 1.45912e-07, 2.2572e-06, 3.02665e-05, 0.000342959, 0.00316476, 0.0224104, 0.108748, 0.263701, -0.961401, 0.2815, 0.0823005, 0.0149511, 0.00197564, 0.000205446, 1.76271e-05, 1.28791e-06, 8.19655e-08, 4.62171e-09, 2.33965e-10, 1.07471e-11, 4.51852e-13, 1.75156e-14, 6.29869e-16, 2.11042e-17, 0.201915, 0.248193, 0.0776364, 0.014447, 0.00193119, 0.00020213, 1.74127e-05, 1.27566e-06, 8.13387e-08, 4.59265e-09, 2.32734e-10, 1.0699e-11, 4.50115e-13, 1.7457e-14, 6.2736e-16, 0.0823005, 0.296452, 0.0842762, 0.0151565, 0.00199327, 0.000206734, 1.77091e-05, 1.29253e-06, 8.21995e-08, 4.63246e-09, 2.34417e-10, 1.07646e-11, 4.52482e-13, 1.75367e-14, 6.29869e-16, 0.248193, 0.279552, 0.26264, 0.0795676, 0.0146492, 
		0.00194861, 0.000203406, 1.7494e-05, 1.28025e-06, 8.15714e-08, 4.60335e-09, 2.33185e-10, 1.07165e-11, 4.50742e-13, 1.7457e-14, 0.0149511, 0.0842762, 0.296657, 0.0842938, 0.0151578, 0.00199335, 0.000206738, 1.77093e-05, 1.29254e-06, 8.22e-08, 4.63247e-09, 2.34418e-10, 1.07646e-11, 4.52482e-13, 1.75156e-14, 0.0776364, 0.26264, 0.281483, 0.262842, 0.079585, 0.0146505, 0.00194869, 0.00020341, 1.74942e-05, 1.28026e-06, 8.15719e-08, 4.60337e-09, 2.33185e-10, 1.07165e-11, 4.50115e-13, 0.00197564, 0.0151565, 0.0842938, 0.296658, 0.0842939, 0.0151578, 0.00199335, 0.000206738, 1.77093e-05, 1.29254e-06, 8.22e-08, 4.63247e-09, 2.34418e-10, 1.07646e-11, 4.51852e-13, 0.014447, 0.0795676, 0.262842, 0.2815, 0.262843, 0.079585, 0.0146505, 0.00194869, 0.00020341, 1.74942e-05, 1.28026e-06, 8.15719e-08, 4.60337e-09, 2.33185e-10, 1.0699e-11, 0.000205446, 0.00199327, 0.0151578, 0.0842939, 0.296658, 0.0842939, 0.0151578, 0.00199335, 0.000206738, 1.77093e-05, 1.29254e-06, 8.22e-08, 4.63247e-09, 2.34417e-10, 1.07471e-11, 0.00193119, 0.0146492, 0.079585, 0.262843, 0.2815, 0.262843, 0.079585, 0.0146505, 0.00194869, 0.00020341, 1.74942e-05, 1.28026e-06, 8.15719e-08, 4.60335e-09, 2.32734e-10, 
		1.76271e-05, 0.000206734, 0.00199335, 0.0151578, 0.0842939, 0.296658, 0.0842939, 0.0151578, 0.00199335, 0.000206738, 1.77093e-05, 1.29254e-06, 8.22e-08, 4.63246e-09, 2.33965e-10, 0.00020213, 0.00194861, 0.0146505, 0.079585, 0.262843, 0.2815, 0.262843, 0.079585, 0.0146505, 0.00194869, 0.00020341, 1.74942e-05, 1.28026e-06, 8.15714e-08, 4.59265e-09, 1.28791e-06, 1.77091e-05, 0.000206738, 0.00199335, 0.0151578, 0.0842939, 0.296658, 0.0842939, 0.0151578, 0.00199335, 0.000206738, 1.77093e-05, 1.29254e-06, 8.21995e-08, 4.62171e-09, 1.74127e-05, 0.000203406, 0.00194869, 0.0146505, 0.079585, 0.262843, 0.2815, 0.262843, 0.079585, 0.0146505, 0.00194869, 0.00020341, 1.74942e-05, 1.28025e-06, 8.13387e-08, 8.19655e-08, 1.29253e-06, 1.77093e-05, 0.000206738, 0.00199335, 0.0151578, 0.0842939, 0.296658, 0.0842939, 0.0151578, 0.00199335, 0.000206738, 1.77093e-05, 1.29253e-06, 8.19655e-08, 1.27566e-06, 1.7494e-05, 0.00020341, 0.00194869, 0.0146505, 0.079585, 0.262843, 0.2815, 0.262843, 0.079585, 0.0146505, 0.00194869, 0.00020341, 1.7494e-05, 1.27566e-06, 4.62171e-09, 8.21995e-08, 1.29254e-06, 1.77093e-05, 0.000206738, 0.00199335, 0.0151578, 0.0842939, 0.296658, 0.0842939, 
		0.0151578, 0.00199335, 0.000206738, 1.77091e-05, 1.28791e-06, 8.13387e-08, 1.28025e-06, 1.74942e-05, 0.00020341, 0.00194869, 0.0146505, 0.079585, 0.262843, 0.2815, 0.262843, 0.079585, 0.0146505, 0.00194869, 0.000203406, 1.74127e-05, 2.33965e-10, 4.63246e-09, 8.22e-08, 1.29254e-06, 1.77093e-05, 0.000206738, 0.00199335, 0.0151578, 0.0842939, 0.296658, 0.0842939, 0.0151578, 0.00199335, 0.000206734, 1.76271e-05, 4.59265e-09, 8.15714e-08, 1.28026e-06, 1.74942e-05, 0.00020341, 0.00194869, 0.0146505, 0.079585, 0.262843, 0.2815, 0.262843, 0.079585, 0.0146505, 0.00194861, 0.00020213, 1.07471e-11, 2.34417e-10, 4.63247e-09, 8.22e-08, 1.29254e-06, 1.77093e-05, 0.000206738, 0.00199335, 0.0151578, 0.0842939, 0.296658, 0.0842939, 0.0151578, 0.00199327, 0.000205446, 2.32734e-10, 4.60335e-09, 8.15719e-08, 1.28026e-06, 1.74942e-05, 0.00020341, 0.00194869, 0.0146505, 0.079585, 0.262843, 0.2815, 0.262843, 0.079585, 0.0146492, 0.00193119, 4.51852e-13, 1.07646e-11, 2.34418e-10, 4.63247e-09, 8.22e-08, 1.29254e-06, 1.77093e-05, 0.000206738, 0.00199335, 0.0151578, 0.0842939, 0.296658, 0.0842938, 0.0151565, 0.00197564, 1.0699e-11, 2.33185e-10, 4.60337e-09, 8.15719e-08, 1.28026e-06, 
		1.74942e-05, 0.00020341, 0.00194869, 0.0146505, 0.079585, 0.262843, 0.2815, 0.262842, 0.0795676, 0.014447, 1.75156e-14, 4.52482e-13, 1.07646e-11, 2.34418e-10, 4.63247e-09, 8.22e-08, 1.29254e-06, 1.77093e-05, 0.000206738, 0.00199335, 0.0151578, 0.0842938, 0.296657, 0.0842762, 0.0149511, 4.50115e-13, 1.07165e-11, 2.33185e-10, 4.60337e-09, 8.15719e-08, 1.28026e-06, 1.74942e-05, 0.00020341, 0.00194869, 0.0146505, 0.079585, 0.262842, 0.281483, 0.26264, 0.0776364, 6.29868e-16, 1.75367e-14, 4.52482e-13, 1.07646e-11, 2.34417e-10, 4.63246e-09, 8.21995e-08, 1.29253e-06, 1.77091e-05, 0.000206734, 0.00199327, 0.0151565, 0.0842762, 0.296452, 0.0823005, 1.7457e-14, 4.50742e-13, 1.07165e-11, 2.33185e-10, 4.60335e-09, 8.15714e-08, 1.28025e-06, 1.7494e-05, 0.000203406, 0.00194861, 0.0146492, 0.0795676, 0.26264, 0.279552, 0.248193, 2.11042e-17, 6.2987e-16, 1.75156e-14, 4.51852e-13, 1.07471e-11, 2.33965e-10, 4.62171e-09, 8.19655e-08, 1.28791e-06, 1.76271e-05, 0.000205446, 0.00197564, 0.0149511, 0.0823005, 0.2815, 6.2736e-16, 1.7457e-14, 4.50115e-13, 1.0699e-11, 2.32734e-10, 4.59265e-09, 8.13387e-08, 1.27566e-06, 1.74127e-05, 0.00020213, 0.00193119, 0.014447, 0.0776364, 0.248193, 0.201915
		};
creal_t B_[420]={0.0716142, -0.0736348, -0.0136518, -0.00182971, -0.000192251, -1.66256e-05, -1.22229e-06, -7.81801e-08, -4.42649e-09, -2.2486e-10, -1.03592e-11, -4.36597e-13, -1.69225e-14, -5.83683e-16, -6.75211e-18, 0.1992, -0.214151, -0.0693251, -0.0131809, -0.00178782, -0.000189106, -1.64212e-05, -1.21056e-06, -7.75778e-08, -4.39849e-09, -2.2367e-10, -1.03127e-11, -4.34966e-13, -1.69069e-14, -6.08765e-16, 0.013443, 0.073426, -0.0734439, -0.0136353, -0.00182849, -0.000192173, -1.66212e-05, -1.22207e-06, -7.81697e-08, -4.42605e-09, -2.24843e-10, -1.03587e-11, -4.36658e-13, -1.69806e-14, -6.19299e-16, 0.0673495, 0.212175, -0.212381, -0.0691373, -0.0131645, -0.00178662, -0.000189029, -1.64168e-05, -1.21034e-06, -7.75675e-08, -4.39806e-09, -2.23653e-10, -1.03121e-11, -4.34945e-13, -1.68857e-14, 0.00181186, 0.013634, 0.0734426, -0.0734427, -0.0136352, -0.00182848, -0.000192173, -1.66212e-05, -1.22207e-06, -7.81697e-08, -4.42605e-09, -2.24843e-10, -1.03587e-11, -4.36663e-13, -1.69586e-14, 0.0129754, 0.0691197, 0.212363, -0.212365, -0.0691361, -0.0131644, -0.00178661, -0.000189029, -1.64168e-05, -1.21034e-06, -7.75675e-08, -4.39806e-09, -2.23653e-10, -1.03121e-11, -4.34336e-13, 0.000190951, 0.00182841, 0.0136352, 0.0734427, -0.0734427, -0.0136352, -0.00182848, -0.000192173, -1.66212e-05, -1.22207e-06, 
		-7.81697e-08, -4.42605e-09, -2.24843e-10, -1.03586e-11, -4.36028e-13, 0.0017702, 0.0131632, 0.069136, 0.212364, -0.212364, -0.0691361, -0.0131644, -0.00178661, -0.000189029, -1.64168e-05, -1.21034e-06, -7.75675e-08, -4.39806e-09, -2.23653e-10, -1.02952e-11, 1.6543e-05, 0.000192168, 0.00182848, 0.0136352, 0.0734427, -0.0734427, -0.0136352, -0.00182848, -0.000192173, -1.66212e-05, -1.22207e-06, -7.81697e-08, -4.42605e-09, -2.24842e-10, -1.03417e-11, 0.000187819, 0.00178654, 0.0131644, 0.0691361, 0.212364, -0.212364, -0.0691361, -0.0131644, -0.00178661, -0.000189029, -1.64168e-05, -1.21034e-06, -7.75675e-08, -4.39804e-09, -2.23218e-10, 1.21764e-06, 1.6621e-05, 0.000192173, 0.00182848, 0.0136352, 0.0734427, -0.0734427, -0.0136352, -0.00182848, -0.000192173, -1.66212e-05, -1.22207e-06, -7.81697e-08, -4.42604e-09, -2.24406e-10, 1.63392e-05, 0.000189024, 0.00178661, 0.0131644, 0.0691361, 0.212364, -0.212364, -0.0691361, -0.0131644, -0.00178661, -0.000189029, -1.64168e-05, -1.21034e-06, -7.75671e-08, -4.38774e-09, 7.79449e-08, 1.22206e-06, 1.66212e-05, 0.000192173, 0.00182848, 0.0136352, 0.0734427, -0.0734427, -0.0136352, -0.00182848, -0.000192173, -1.66212e-05, -1.22207e-06, -7.81693e-08, -4.41569e-09, 1.20594e-06, 1.64165e-05, 0.000189029, 0.00178661, 0.0131644, 
		0.0691361, 0.212364, -0.212364, -0.0691361, -0.0131644, -0.00178661, -0.000189029, -1.64168e-05, -1.21033e-06, -7.73438e-08, 4.41569e-09, 7.81693e-08, 1.22207e-06, 1.66212e-05, 0.000192173, 0.00182848, 0.0136352, 0.0734427, -0.0734427, -0.0136352, -0.00182848, -0.000192173, -1.66212e-05, -1.22206e-06, -7.79449e-08, 7.73438e-08, 1.21033e-06, 1.64168e-05, 0.000189029, 0.00178661, 0.0131644, 0.0691361, 0.212364, -0.212364, -0.0691361, -0.0131644, -0.00178661, -0.000189029, -1.64165e-05, -1.20594e-06, 2.24406e-10, 4.42604e-09, 7.81697e-08, 1.22207e-06, 1.66212e-05, 0.000192173, 0.00182848, 0.0136352, 0.0734427, -0.0734427, -0.0136352, -0.00182848, -0.000192173, -1.6621e-05, -1.21764e-06, 4.38774e-09, 7.75671e-08, 1.21034e-06, 1.64168e-05, 0.000189029, 0.00178661, 0.0131644, 0.0691361, 0.212364, -0.212364, -0.0691361, -0.0131644, -0.00178661, -0.000189024, -1.63392e-05, 1.03417e-11, 2.24842e-10, 4.42605e-09, 7.81697e-08, 1.22207e-06, 1.66212e-05, 0.000192173, 0.00182848, 0.0136352, 0.0734427, -0.0734427, -0.0136352, -0.00182848, -0.000192168, -1.6543e-05, 2.23218e-10, 4.39804e-09, 7.75675e-08, 1.21034e-06, 1.64168e-05, 0.000189029, 0.00178661, 0.0131644, 0.0691361, 0.212364, -0.212364, -0.0691361, -0.0131644, -0.00178654, -0.000187819, 
		4.36066e-13, 1.03587e-11, 2.24843e-10, 4.42605e-09, 7.81697e-08, 1.22207e-06, 1.66212e-05, 0.000192173, 0.00182848, 0.0136352, 0.0734427, -0.0734427, -0.0136352, -0.00182841, -0.000190951, 1.02952e-11, 2.23653e-10, 4.39806e-09, 7.75675e-08, 1.21034e-06, 1.64168e-05, 0.000189029, 0.00178661, 0.0131644, 0.0691361, 0.212364, -0.212364, -0.069136, -0.0131632, -0.0017702, 1.69446e-14, 4.36635e-13, 1.03586e-11, 2.24843e-10, 4.42605e-09, 7.81697e-08, 1.22207e-06, 1.66212e-05, 0.000192173, 0.00182848, 0.0136352, 0.0734427, -0.0734426, -0.013634, -0.00181186, 4.34336e-13, 1.03121e-11, 2.23653e-10, 4.39806e-09, 7.75675e-08, 1.21034e-06, 1.64168e-05, 0.000189029, 0.00178661, 0.0131644, 0.0691361, 0.212365, -0.212363, -0.0691197, -0.0129754, 6.1859e-16, 1.69792e-14, 4.36655e-13, 1.03587e-11, 2.24843e-10, 4.42605e-09, 7.81697e-08, 1.22207e-06, 1.66212e-05, 0.000192173, 0.00182849, 0.0136353, 0.0734439, -0.073426, -0.013443, 1.68857e-14, 4.34945e-13, 1.03121e-11, 2.23653e-10, 4.39806e-09, 7.75675e-08, 1.21034e-06, 1.64168e-05, 0.000189029, 0.00178662, 0.0131645, 0.0691373, 0.212381, -0.212175, -0.0673495, 1.15879e-17, 5.93356e-16, 1.6937e-14, 4.36616e-13, 1.03592e-11, 2.2486e-10, 4.42649e-09, 7.81801e-08, 1.22229e-06, 1.66256e-05, 
		0.000192251, 0.00182971, 0.0136518, 0.0736348, -0.0716142, 6.08764e-16, 1.69068e-14, 4.34966e-13, 1.03127e-11, 2.2367e-10, 4.39849e-09, 7.75778e-08, 1.21056e-06, 1.64212e-05, 0.000189106, 0.00178782, 0.0131809, 0.0693251, 0.214151, -0.1992};
creal_t F_[2640]={0.25, 0, 0, 0, 0, 0, 0, 0, 0, 0, 0, 0, 0, 0, 0, 0, 0, 0, 0, 0, 0, 0, 0, 0, 0, 0, 0, 0, 0, 0, -0.25, -0, -0, -0, -0, -0, -0, -0, -0, -0, -0, -0, -0, -0, -0, -0, -0, -0, -0, -0, -0, -0, -0, -0, -0, -0, -0, -0, -0, -0, 0, 0, 0, 0, 0, 0, 0, 0, 0, 0, 0, 0, 0, 0, 0, 0, 0, 0, 0, 0, 0, 0, 0, 0, 0, 0, 0, 0, 0, 0.25, 0, 0, 0, 0, 0, 0, 0, 0, 0, 0, 
		0, 0, 0, 0, 0, 0, 0, 0, 0, 0, 0, 0, 0, 0, 0, 0, 0, 0, -0, -0.25, -0, -0, -0, -0, -0, -0, -0, -0, -0, -0, -0, -0, -0, -0, -0, -0, -0, -0, -0, -0, -0, -0, -0, -0, -0, -0, -0, -0, 0, 0, 0, 0, 0, 0, 0, 0, 0, 0, 0, 0, 0, 0, 0, 0, 0, 0, 0, 0, 0, 0, 0, 0, 0, 0, 0, 0, 0, 0, 0.25, 0, 0, 0, 0, 0, 0, 0, 0, 0, 0, 0, 0, 0, 0, 0, 0, 0, 0, 0, 0, 0, 
		0, 0, 0, 0, 0, 0, -0, -0, -0.25, -0, -0, -0, -0, -0, -0, -0, -0, -0, -0, -0, -0, -0, -0, -0, -0, -0, -0, -0, -0, -0, -0, -0, -0, -0, -0, -0, 0, 0, 0, 0, 0, 0, 0, 0, 0, 0, 0, 0, 0, 0, 0, 0, 0, 0, 0, 0, 0, 0, 0, 0, 0, 0, 0, 0, 0, 0, 0, 0.25, 0, 0, 0, 0, 0, 0, 0, 0, 0, 0, 0, 0, 0, 0, 0, 0, 0, 0, 0, 0, 0, 0, 0, 0, 0, 0, -0, -0, -0, -0.25, -0, -0, 
		-0, -0, -0, -0, -0, -0, -0, -0, -0, -0, -0, -0, -0, -0, -0, -0, -0, -0, -0, -0, -0, -0, -0, -0, 0, 0, 0, 0, 0, 0, 0, 0, 0, 0, 0, 0, 0, 0, 0, 0, 0, 0, 0, 0, 0, 0, 0, 0, 0, 0, 0, 0, 0, 0, 0, 0, 0.25, 0, 0, 0, 0, 0, 0, 0, 0, 0, 0, 0, 0, 0, 0, 0, 0, 0, 0, 0, 0, 0, 0, 0, 0, 0, -0, -0, -0, -0, -0.25, -0, -0, -0, -0, -0, -0, -0, -0, -0, -0, -0, -0, -0, 
		-0, -0, -0, -0, -0, -0, -0, -0, -0, -0, -0, -0, 0, 0, 0, 0, 0, 0, 0, 0, 0, 0, 0, 0, 0, 0, 0, 0, 0, 0, 0, 0, 0, 0, 0, 0, 0, 0, 0, 0, 0, 0, 0, 0, 0, 0.25, 0, 0, 0, 0, 0, 0, 0, 0, 0, 0, 0, 0, 0, 0, 0, 0, 0, 0, 0, 0, 0, 0, 0, 0, -0, -0, -0, -0, -0, -0.25, -0, -0, -0, -0, -0, -0, -0, -0, -0, -0, -0, -0, -0, -0, -0, -0, -0, -0, -0, -0, -0, -0, -0, -0, 
		0, 0, 0, 0, 0, 0, 0, 0, 0, 0, 0, 0, 0, 0, 0, 0, 0, 0, 0, 0, 0, 0, 0, 0, 0, 0, 0, 0, 0, 0, 0, 0, 0, 0, 0.25, 0, 0, 0, 0, 0, 0, 0, 0, 0, 0, 0, 0, 0, 0, 0, 0, 0, 0, 0, 0, 0, 0, 0, -0, -0, -0, -0, -0, -0, -0.25, -0, -0, -0, -0, -0, -0, -0, -0, -0, -0, -0, -0, -0, -0, -0, -0, -0, -0, -0, -0, -0, -0, -0, 0, 0, 0, 0, 0, 0, 0, 0, 0, 0, 0, 0, 
		0, 0, 0, 0, 0, 0, 0, 0, 0, 0, 0, 0, 0, 0, 0, 0, 0, 0, 0, 0, 0, 0, 0, 0.25, 0, 0, 0, 0, 0, 0, 0, 0, 0, 0, 0, 0, 0, 0, 0, 0, 0, 0, 0, 0, 0, 0, -0, -0, -0, -0, -0, -0, -0, -0.25, -0, -0, -0, -0, -0, -0, -0, -0, -0, -0, -0, -0, -0, -0, -0, -0, -0, -0, -0, -0, -0, -0, 0, 0, 0, 0, 0, 0, 0, 0, 0, 0, 0, 0, 0, 0, 0, 0, 0, 0, 0, 0, 0, 0, 0, 0, 
		0, 0, 0, 0, 0, 0, 0, 0, 0, 0, 0, 0, 0.25, 0, 0, 0, 0, 0, 0, 0, 0, 0, 0, 0, 0, 0, 0, 0, 0, 0, 0, 0, 0, 0, -0, -0, -0, -0, -0, -0, -0, -0, -0.25, -0, -0, -0, -0, -0, -0, -0, -0, -0, -0, -0, -0, -0, -0, -0, -0, -0, -0, -0, -0, -0, 0, 0, 0, 0, 0, 0, 0, 0, 0, 0, 0, 0, 0, 0, 0, 0, 0, 0, 0, 0, 0, 0, 0, 0, 0, 0, 0, 0, 0, 0, 0, 0, 0, 0, 0, 0, 
		0, 0.25, 0, 0, 0, 0, 0, 0, 0, 0, 0, 0, 0, 0, 0, 0, 0, 0, 0, 0, 0, 0, -0, -0, -0, -0, -0, -0, -0, -0, -0, -0.25, -0, -0, -0, -0, -0, -0, -0, -0, -0, -0, -0, -0, -0, -0, -0, -0, -0, -0, -0, -0, 0, 0, 0, 0, 0, 0, 0, 0, 0, 0, 0, 0, 0, 0, 0, 0, 0, 0, 0, 0, 0, 0, 0, 0, 0, 0, 0, 0, 0, 0, 0, 0, 0, 0, 0, 0, 0, 0, 0.25, 0, 0, 0, 0, 0, 0, 0, 0, 0, 
		0, 0, 0, 0, 0, 0, 0, 0, 0, 0, -0, -0, -0, -0, -0, -0, -0, -0, -0, -0, -0.25, -0, -0, -0, -0, -0, -0, -0, -0, -0, -0, -0, -0, -0, -0, -0, -0, -0, -0, -0, 0, 0, 0, 0, 0, 0, 0, 0, 0, 0, 0, 0, 0, 0, 0, 0, 0, 0, 0, 0, 0, 0, 0, 0, 0, 0, 0, 0, 0, 0, 0, 0, 0, 0, 0, 0, 0, 0, 0, 0.25, 0, 0, 0, 0, 0, 0, 0, 0, 0, 0, 0, 0, 0, 0, 0, 0, 0, 0, -0, -0, 
		-0, -0, -0, -0, -0, -0, -0, -0, -0, -0.25, -0, -0, -0, -0, -0, -0, -0, -0, -0, -0, -0, -0, -0, -0, -0, -0, -0, -0, 0, 0, 0, 0, 0, 0, 0, 0, 0, 0, 0, 0, 0, 0, 0, 0, 0, 0, 0, 0, 0, 0, 0, 0, 0, 0, 0, 0, 0, 0, 0, 0, 0, 0, 0, 0, 0, 0, 0, 0, 0.25, 0, 0, 0, 0, 0, 0, 0, 0, 0, 0, 0, 0, 0, 0, 0, 0, 0, -0, -0, -0, -0, -0, -0, -0, -0, -0, -0, -0, -0, -0.25, -0, 
		-0, -0, -0, -0, -0, -0, -0, -0, -0, -0, -0, -0, -0, -0, -0, -0, 0, 0, 0, 0, 0, 0, 0, 0, 0, 0, 0, 0, 0, 0, 0, 0, 0, 0, 0, 0, 0, 0, 0, 0, 0, 0, 0, 0, 0, 0, 0, 0, 0, 0, 0, 0, 0, 0, 0, 0, 0, 0.25, 0, 0, 0, 0, 0, 0, 0, 0, 0, 0, 0, 0, 0, 0, 0, 0, -0, -0, -0, -0, -0, -0, -0, -0, -0, -0, -0, -0, -0, -0.25, -0, -0, -0, -0, -0, -0, -0, -0, -0, -0, -0, -0, 
		-0, -0, -0, -0, 0, 0, 0, 0, 0, 0, 0, 0, 0, 0, 0, 0, 0, 0, 0, 0, 0, 0, 0, 0, 0, 0, 0, 0, 0, 0, 0, 0, 0, 0, 0, 0, 0, 0, 0, 0, 0, 0, 0, 0, 0, 0, 0.25, 0, 0, 0, 0, 0, 0, 0, 0, 0, 0, 0, 0, 0, 0, 0, -0, -0, -0, -0, -0, -0, -0, -0, -0, -0, -0, -0, -0, -0, -0.25, -0, -0, -0, -0, -0, -0, -0, -0, -0, -0, -0, -0, -0, -0, -0, 0, 0, 0, 0, 0, 0, 0, 0, 
		0, 0, 0, 0, 0, 0, 0, 0, 0, 0, 0, 0, 0, 0, 0, 0, 0, 0, 0, 0, 0, 0, 0, 0, 0, 0, 0, 0, 0, 0, 0, 0, 0, 0, 0, 0.25, 0, 0, 0, 0, 0, 0, 0, 0, 0, 0, 0, 0, 0, 0, -0, -0, -0, -0, -0, -0, -0, -0, -0, -0, -0, -0, -0, -0, -0, -0.25, -0, -0, -0, -0, -0, -0, -0, -0, -0, -0, -0, -0, -0, -0, 0, 0, 0, 0, 0, 0, 0, 0, 0, 0, 0, 0, 0, 0, 0, 0, 0, 0, 0, 0, 
		0, 0, 0, 0, 0, 0, 0, 0, 0, 0, 0, 0, 0, 0, 0, 0, 0, 0, 0, 0, 0, 0, 0, 0, 0.25, 0, 0, 0, 0, 0, 0, 0, 0, 0, 0, 0, 0, 0, -0, -0, -0, -0, -0, -0, -0, -0, -0, -0, -0, -0, -0, -0, -0, -0, -0.25, -0, -0, -0, -0, -0, -0, -0, -0, -0, -0, -0, -0, -0, 0, 0, 0, 0, 0, 0, 0, 0, 0, 0, 0, 0, 0, 0, 0, 0, 0, 0, 0, 0, 0, 0, 0, 0, 0, 0, 0, 0, 0, 0, 0, 0, 
		0, 0, 0, 0, 0, 0, 0, 0, 0, 0, 0, 0, 0, 0.25, 0, 0, 0, 0, 0, 0, 0, 0, 0, 0, 0, 0, -0, -0, -0, -0, -0, -0, -0, -0, -0, -0, -0, -0, -0, -0, -0, -0, -0, -0.25, -0, -0, -0, -0, -0, -0, -0, -0, -0, -0, -0, -0, 0, 0, 0, 0, 0, 0, 0, 0, 0, 0, 0, 0, 0, 0, 0, 0, 0, 0, 0, 0, 0, 0, 0, 0, 0, 0, 0, 0, 0, 0, 0, 0, 0, 0, 0, 0, 0, 0, 0, 0, 0, 0, 0, 0, 
		0, 0, 0.25, 0, 0, 0, 0, 0, 0, 0, 0, 0, 0, 0, -0, -0, -0, -0, -0, -0, -0, -0, -0, -0, -0, -0, -0, -0, -0, -0, -0, -0, -0.25, -0, -0, -0, -0, -0, -0, -0, -0, -0, -0, -0, 0, 0, 0, 0, 0, 0, 0, 0, 0, 0, 0, 0, 0, 0, 0, 0, 0, 0, 0, 0, 0, 0, 0, 0, 0, 0, 0, 0, 0, 0, 0, 0, 0, 0, 0, 0, 0, 0, 0, 0, 0, 0, 0, 0, 0, 0, 0, 0.25, 0, 0, 0, 0, 0, 0, 0, 0, 
		0, 0, -0, -0, -0, -0, -0, -0, -0, -0, -0, -0, -0, -0, -0, -0, -0, -0, -0, -0, -0, -0.25, -0, -0, -0, -0, -0, -0, -0, -0, -0, -0, 0, 0, 0, 0, 0, 0, 0, 0, 0, 0, 0, 0, 0, 0, 0, 0, 0, 0, 0, 0, 0, 0, 0, 0, 0, 0, 0, 0, 0, 0, 0, 0, 0, 0, 0, 0, 0, 0, 0, 0, 0, 0, 0, 0, 0, 0, 0, 0, 0.25, 0, 0, 0, 0, 0, 0, 0, 0, 0, -0, -0, -0, -0, -0, -0, -0, -0, -0, -0, 
		-0, -0, -0, -0, -0, -0, -0, -0, -0, -0, -0.25, -0, -0, -0, -0, -0, -0, -0, -0, -0, 0, 0, 0, 0, 0, 0, 0, 0, 0, 0, 0, 0, 0, 0, 0, 0, 0, 0, 0, 0, 0, 0, 0, 0, 0, 0, 0, 0, 0, 0, 0, 0, 0, 0, 0, 0, 0, 0, 0, 0, 0, 0, 0, 0, 0, 0, 0, 0, 0, 0.25, 0, 0, 0, 0, 0, 0, 0, 0, -0, -0, -0, -0, -0, -0, -0, -0, -0, -0, -0, -0, -0, -0, -0, -0, -0, -0, -0, -0, -0, -0.25, 
		-0, -0, -0, -0, -0, -0, -0, -0, 0, 0, 0, 0, 0, 0, 0, 0, 0, 0, 0, 0, 0, 0, 0, 0, 0, 0, 0, 0, 0, 0, 0, 0, 0, 0, 0, 0, 0, 0, 0, 0, 0, 0, 0, 0, 0, 0, 0, 0, 0, 0, 0, 0, 0, 0, 0, 0, 0, 0, 0.25, 0, 0, 0, 0, 0, 0, 0, -0, -0, -0, -0, -0, -0, -0, -0, -0, -0, -0, -0, -0, -0, -0, -0, -0, -0, -0, -0, -0, -0, -0.25, -0, -0, -0, -0, -0, -0, -0, 0, 0, 0, 0, 
		0, 0, 0, 0, 0, 0, 0, 0, 0, 0, 0, 0, 0, 0, 0, 0, 0, 0, 0, 0, 0, 0, 0, 0, 0, 0, 0, 0, 0, 0, 0, 0, 0, 0, 0, 0, 0, 0, 0, 0, 0, 0, 0, 0, 0, 0, 0, 0.25, 0, 0, 0, 0, 0, 0, -0, -0, -0, -0, -0, -0, -0, -0, -0, -0, -0, -0, -0, -0, -0, -0, -0, -0, -0, -0, -0, -0, -0, -0.25, -0, -0, -0, -0, -0, -0, 0, 0, 0, 0, 0, 0, 0, 0, 0, 0, 0, 0, 0, 0, 0, 0, 
		0, 0, 0, 0, 0, 0, 0, 0, 0, 0, 0, 0, 0, 0, 0, 0, 0, 0, 0, 0, 0, 0, 0, 0, 0, 0, 0, 0, 0, 0, 0, 0, 0, 0, 0, 0, 0.25, 0, 0, 0, 0, 0, -0, -0, -0, -0, -0, -0, -0, -0, -0, -0, -0, -0, -0, -0, -0, -0, -0, -0, -0, -0, -0, -0, -0, -0, -0.25, -0, -0, -0, -0, -0, 0, 0, 0, 0, 0, 0, 0, 0, 0, 0, 0, 0, 0, 0, 0, 0, 0, 0, 0, 0, 0, 0, 0, 0, 0, 0, 0, 0, 
		0, 0, 0, 0, 0, 0, 0, 0, 0, 0, 0, 0, 0, 0, 0, 0, 0, 0, 0, 0, 0, 0, 0, 0, 0, 0.25, 0, 0, 0, 0, -0, -0, -0, -0, -0, -0, -0, -0, -0, -0, -0, -0, -0, -0, -0, -0, -0, -0, -0, -0, -0, -0, -0, -0, -0, -0.25, -0, -0, -0, -0, 0, 0, 0, 0, 0, 0, 0, 0, 0, 0, 0, 0, 0, 0, 0, 0, 0, 0, 0, 0, 0, 0, 0, 0, 0, 0, 0, 0, 0, 0, 0, 0, 0, 0, 0, 0, 0, 0, 0, 0, 
		0, 0, 0, 0, 0, 0, 0, 0, 0, 0, 0, 0, 0, 0, 0.25, 0, 0, 0, -0, -0, -0, -0, -0, -0, -0, -0, -0, -0, -0, -0, -0, -0, -0, -0, -0, -0, -0, -0, -0, -0, -0, -0, -0, -0, -0.25, -0, -0, -0, 0, 0, 0, 0, 0, 0, 0, 0, 0, 0, 0, 0, 0, 0, 0, 0, 0, 0, 0, 0, 0, 0, 0, 0, 0, 0, 0, 0, 0, 0, 0, 0, 0, 0, 0, 0, 0, 0, 0, 0, 0, 0, 0, 0, 0, 0, 0, 0, 0, 0, 0, 0, 
		0, 0, 0, 0.25, 0, 0, -0, -0, -0, -0, -0, -0, -0, -0, -0, -0, -0, -0, -0, -0, -0, -0, -0, -0, -0, -0, -0, -0, -0, -0, -0, -0, -0, -0.25, -0, -0, 0, 0, 0, 0, 0, 0, 0, 0, 0, 0, 0, 0, 0, 0, 0, 0, 0, 0, 0, 0, 0, 0, 0, 0, 0, 0, 0, 0, 0, 0, 0, 0, 0, 0, 0, 0, 0, 0, 0, 0, 0, 0, 0, 0, 0, 0, 0, 0, 0, 0, 0, 0, 0, 0, 0, 0, 0.25, 0, -0, -0, -0, -0, -0, -0, 
		-0, -0, -0, -0, -0, -0, -0, -0, -0, -0, -0, -0, -0, -0, -0, -0, -0, -0, -0, -0, -0, -0, -0.25, -0, 0, 0, 0, 0, 0, 0, 0, 0, 0, 0, 0, 0, 0, 0, 0, 0, 0, 0, 0, 0, 0, 0, 0, 0, 0, 0, 0, 0, 0, 0, 0, 0, 0, 0, 0, 0, 0, 0, 0, 0, 0, 0, 0, 0, 0, 0, 0, 0, 0, 0, 0, 0, 0, 0, 0, 0, 0, 0.25, -0, -0, -0, -0, -0, -0, -0, -0, -0, -0, -0, -0, -0, -0, -0, -0, -0, -0, 
		-0, -0, -0, -0, -0, -0, -0, -0, -0, -0, -0, -0.25, 0, 0, 0, 0, 0, 0, 0, 0, 0, 0, 0, 0, 0, 0, 0, 0, 0, 0, 0, 0, 0, 0, 0, 0, 0, 0, 0, 0};
creal_t G_[1232]={0, 0, 0, 0, 0, 0, 0, 0, 0, 0, 0, 0, 0, 0, 0, 0, 0, 0, 0, 0, 0, 0, 0, 0, 0, 0, 0, 0, 0, 0, 0, 0, 0, 0, 0, 0, 0, 0, 0, 0, 0, 0, 0, 0, 0, 0, 0, 0, 0, 0, 0, 0, 0, 0, 0, 0, 0, 0, 0, 0, 1, 0, 0, 0, 0, 0, 0, 0, 0, 0, 0, 0, 0, 0, -1, -0, -0, -0, -0, -0, -0, -0, -0, -0, -0, -0, -0, -0, 0, 0, 0, 0, 0, 0, 0, 0, 0, 0, 0, 0, 
		0, 0, 0, 0, 0, 0, 0, 0, 0, 0, 0, 0, 0, 0, 0, 0, 0, 0, 0, 0, 0, 0, 0, 0, 0, 0, 0, 0, 0, 0, 0, 0, 0, 0, 0, 0, 0, 0, 0, 0, 0, 0, 0, 0, 0, 0, 0, 0, 0, 1, 0, 0, 0, 0, 0, 0, 0, 0, 0, 0, 0, 0, -0, -1, -0, -0, -0, -0, -0, -0, -0, -0, -0, -0, -0, -0, 0, 0, 0, 0, 0, 0, 0, 0, 0, 0, 0, 0, 0, 0, 0, 0, 0, 0, 0, 0, 0, 0, 0, 0, 
		0, 0, 0, 0, 0, 0, 0, 0, 0, 0, 0, 0, 0, 0, 0, 0, 0, 0, 0, 0, 0, 0, 0, 0, 0, 0, 0, 0, 0, 0, 0, 0, 0, 0, 0, 0, 0, 0, 1, 0, 0, 0, 0, 0, 0, 0, 0, 0, 0, 0, -0, -0, -1, -0, -0, -0, -0, -0, -0, -0, -0, -0, -0, -0, 0, 0, 0, 0, 0, 0, 0, 0, 0, 0, 0, 0, 0, 0, 0, 0, 0, 0, 0, 0, 0, 0, 0, 0, 0, 0, 0, 0, 0, 0, 0, 0, 0, 0, 0, 0, 
		0, 0, 0, 0, 0, 0, 0, 0, 0, 0, 0, 0, 0, 0, 0, 0, 0, 0, 0, 0, 0, 0, 0, 0, 0, 0, 0, 1, 0, 0, 0, 0, 0, 0, 0, 0, 0, 0, -0, -0, -0, -1, -0, -0, -0, -0, -0, -0, -0, -0, -0, -0, 0, 0, 0, 0, 0, 0, 0, 0, 0, 0, 0, 0, 0, 0, 0, 0, 0, 0, 0, 0, 0, 0, 0, 0, 0, 0, 0, 0, 0, 0, 0, 0, 0, 0, 0, 0, 0, 0, 0, 0, 0, 0, 0, 0, 0, 0, 0, 0, 
		0, 0, 0, 0, 0, 0, 0, 0, 0, 0, 0, 0, 0, 0, 0, 0, 1, 0, 0, 0, 0, 0, 0, 0, 0, 0, -0, -0, -0, -0, -1, -0, -0, -0, -0, -0, -0, -0, -0, -0, 0, 0, 0, 0, 0, 0, 0, 0, 0, 0, 0, 0, 0, 0, 0, 0, 0, 0, 0, 0, 0, 0, 0, 0, 0, 0, 0, 0, 0, 0, 0, 0, 0, 0, 0, 0, 0, 0, 0, 0, 0, 0, 0, 0, 0, 0, 0, 0, 0, 0, 0, 0, 0, 0, 0, 0, 0, 0, 0, 0, 
		0, 0, 0, 0, 0, 1, 0, 0, 0, 0, 0, 0, 0, 0, -0, -0, -0, -0, -0, -1, -0, -0, -0, -0, -0, -0, -0, -0, 0, 0, 0, 0, 0, 0, 0, 0, 0, 0, 0, 0, 0, 0, 0, 0, 0, 0, 0, 0, 0, 0, 0, 0, 0, 0, 0, 0, 0, 0, 0, 0, 0, 0, 0, 0, 0, 0, 0, 0, 0, 0, 0, 0, 0, 0, 0, 0, 0, 0, 0, 0, 0, 0, 0, 0, 0, 0, 0, 0, 0, 0, 0, 0, 0, 0, 1, 0, 0, 0, 0, 0, 
		0, 0, -0, -0, -0, -0, -0, -0, -1, -0, -0, -0, -0, -0, -0, -0, 0, 0, 0, 0, 0, 0, 0, 0, 0, 0, 0, 0, 0, 0, 0, 0, 0, 0, 0, 0, 0, 0, 0, 0, 0, 0, 0, 0, 0, 0, 0, 0, 0, 0, 0, 0, 0, 0, 0, 0, 0, 0, 0, 0, 0, 0, 0, 0, 0, 0, 0, 0, 0, 0, 0, 0, 0, 0, 0, 0, 0, 0, 0, 0, 0, 0, 0, 1, 0, 0, 0, 0, 0, 0, -0, -0, -0, -0, -0, -0, -0, -1, -0, -0, 
